Timestamp: 2025-03-14 16:44:59
Output1 Output2 Output3
1.000000000000000000e+00 0.000000000000000000e+00 0.000000000000000000e+00
9.900332889206211462e-01 9.966711079379193816e-03 0.000000000000000000e+00
9.900332889206211462e-01 9.867375749639372556e-03 9.933532973981990455e-05
9.799702126510969613e-01 9.867375749639377761e-03 1.016241159926436002e-02
9.507653773835988975e-01 3.907221101713685696e-02 1.016241159926435482e-02
9.507653773835991196e-01 3.800325282241884262e-02 1.123136979398235528e-02
9.216860472583008335e-01 3.800325282241885649e-02 4.031069991928062229e-02
8.757512720717824939e-01 8.393802800893687688e-02 4.031069991928061536e-02
8.757512720717822718e-01 8.105143223805849617e-02 4.319729569015896831e-02
8.303996275321531284e-01 8.105143223805852393e-02 8.854894022978865298e-02
7.717170219683437971e-01 1.397340378018679663e-01 8.854894022978865298e-02
7.717170219683435750e-01 1.344109920752601939e-01 9.387198595639642540e-02
7.143344526786741255e-01 1.344109920752601939e-01 1.512545552460654585e-01
6.479869281791612590e-01 2.007585165747733935e-01 1.512545552460654585e-01
6.479869281791612590e-01 1.926905139971315517e-01 1.593225578237073004e-01
5.839409496411036571e-01 1.926905139971315517e-01 2.233685363617649022e-01
5.156435581427645243e-01 2.609879054954705735e-01 2.233685363617649577e-01
5.156435581427647463e-01 2.502217904248267843e-01 2.341346514324087469e-01
4.509507263280299605e-01 2.502217904248267843e-01 2.988274832471433662e-01
3.865297633599023008e-01 3.146427533929543885e-01 2.988274832471433662e-01
3.865297633599023008e-01 3.015841185267776892e-01 3.118861181133202876e-01
3.273153751643671505e-01 3.015841185267776892e-01 3.711005063088554379e-01
2.721828539922619972e-01 3.567166396988826760e-01 3.711005063088554379e-01
2.721828539922621637e-01 3.420905991089451814e-01 3.857265468987929879e-01
2.241261126504289769e-01 3.420905991089451814e-01 4.337832882406260637e-01
1.827971575760655443e-01 3.834195541833086418e-01 4.337832882406260637e-01
1.827971575760654888e-01 3.681926801923517956e-01 4.490101622315825214e-01
1.506122148410238004e-01 3.681926801923519066e-01 4.811951049666244318e-01
1.263085481931471854e-01 3.924963468402284938e-01 4.811951049666245983e-01
1.263085481931471854e-01 3.777679571105461154e-01 4.959234946963067547e-01
1.133089740741433232e-01 3.777679571105462819e-01 5.089230688153106863e-01
1.076834228178968067e-01 3.833935083667926458e-01 5.089230688153105753e-01
1.076834228178968067e-01 3.702680461973981707e-01 5.220485309847050504e-01
1.154704247223700964e-01 3.702680461973984483e-01 5.142615290802315942e-01
1.284760379663131558e-01 3.572624329534552223e-01 5.142615290802315942e-01
1.284760379663131558e-01 3.467170068000676175e-01 5.248069552336193100e-01
1.567797821472580455e-01 3.467170068000676175e-01 4.965032110526744757e-01
1.866937927057954472e-01 3.168029962415304657e-01 4.965032110526743092e-01
1.866937927057955027e-01 3.095649691448124630e-01 5.037412381493923119e-01
2.333834473979494450e-01 3.095649691448124630e-01 4.570515834572382863e-01
2.769821653950630402e-01 2.659662511476986735e-01 4.570515834572381753e-01
2.769821653950630402e-01 2.624149881929040418e-01 4.606028464120328070e-01
3.382450228364923817e-01 2.624149881929041528e-01 3.993399889706036321e-01
3.911121127441489209e-01 2.095478982852475858e-01 3.993399889706036321e-01
3.911121127441489209e-01 2.096524502830695025e-01 3.992354369727816876e-01
4.617867412229341162e-01 2.096524502830695025e-01 3.285608084939964924e-01
5.187254415745727876e-01 1.527137499314308589e-01 3.285608084939964924e-01
5.187254415745727876e-01 1.560145983481349696e-01 3.252599600772922983e-01
5.927596763911873179e-01 1.560145983481350251e-01 2.512257252606779900e-01
6.482704374487795462e-01 1.005038372905424499e-01 2.512257252606779900e-01
6.482704374487798793e-01 1.061422159724572517e-01 2.455873465787632437e-01
7.192634428349703457e-01 1.061422159724572239e-01 1.745943411925726108e-01
7.680429778971753496e-01 5.736268091025231719e-02 1.745943411925725552e-01
7.680429778971749055e-01 6.415589751403137642e-02 1.678011245887935099e-01
8.298226759233656713e-01 6.415589751403137642e-02 1.060214265626032576e-01
8.672390053586174208e-01 2.673956807877938061e-02 1.060214265626032298e-01
8.672390053586178649e-01 3.329570388626772182e-02 9.946529075511491291e-02
9.144226219209806716e-01 3.329570388626772182e-02 5.228167419275201594e-02
9.369234180968728509e-01 1.079490771037558070e-02 5.228167419275202982e-02
9.369234180968724068e-01 1.565581413621059195e-02 4.742076776691701162e-02
9.654100924730903976e-01 1.565581413621058501e-02 1.893409339069892366e-02
9.708282118209626832e-01 1.023769478833832722e-02 1.893409339069892366e-02
9.708282118209629052e-01 1.203581219296605796e-02 1.713597598607119118e-02
9.781784755968825351e-01 1.203581219296607011e-02 9.785712210151528354e-03
9.659083462831684619e-01 2.430594150668036885e-02 9.785712210151528354e-03
9.659083462831684619e-01 2.191852210004481896e-02 1.217313161678709212e-02
9.515752932336442038e-01 2.191852210004481896e-02 2.650618466631136927e-02
9.226058832786432351e-01 5.088793205504568706e-02 2.650618466631136927e-02
9.226058832786432351e-01 4.357199115903225006e-02 3.382212556232483402e-02
8.879961344395229661e-01 4.357199115903222925e-02 6.843187440144465894e-02
8.447994287489177800e-01 8.676869684963758877e-02 6.843187440144465894e-02
8.447994287489176690e-01 7.426151230262693914e-02 8.093905894845521143e-02
7.931573529715703064e-01 7.426151230262700853e-02 1.325811347258030182e-01
7.394444003349809336e-01 1.279744649392162426e-01 1.325811347258030182e-01
7.394444003349807115e-01 1.105475790976700040e-01 1.500080205673492983e-01
6.755690903016009496e-01 1.105475790976700040e-01 2.138833306007293933e-01
6.159375459113796136e-01 1.701791234878908265e-01 2.138833306007292823e-01
6.159375459113799467e-01 1.486382900806940688e-01 2.354241640079261233e-01
5.457573130039592435e-01 1.486382900806940688e-01 3.056043969153467432e-01
4.852639320543640777e-01 2.091316710302894288e-01 3.056043969153468542e-01
4.852639320543639112e-01 1.847605980437301010e-01 3.299754699019061821e-01
4.153061738265134695e-01 1.847605980437301010e-01 3.999332281297564573e-01
3.590040676761978022e-01 2.410627041940458515e-01 3.999332281297563463e-01
3.590040676761979688e-01 2.155142375120543130e-01 4.254816948117478570e-01
2.958080734605603723e-01 2.155142375120543408e-01 4.886776890273855645e-01
2.482911830981390788e-01 2.630311278744755232e-01 4.886776890273855645e-01
2.482911830981391899e-01 2.381751104211067283e-01 5.135337064807544705e-01
1.978168735148870261e-01 2.381751104211067283e-01 5.640080160640065232e-01
1.628128537523985953e-01 2.731791301835950758e-01 5.640080160640063012e-01
1.628128537523986785e-01 2.509209770194956168e-01 5.862661692281060377e-01
1.298990822106610987e-01 2.509209770194955058e-01 6.191799407698432844e-01
1.099467921693950689e-01 2.708732670607615356e-01 6.191799407698436175e-01
1.099467921693950412e-01 2.529608041491381298e-01 6.370924036814670233e-01
9.786859020581395452e-02 2.529608041491382409e-01 6.491706056450483597e-01
9.410815921663655270e-02 2.567212351383156843e-01 6.491706056450481377e-01
9.410815921663648331e-02 2.445591645067203557e-01 6.613326762766436051e-01
1.042735471001422082e-01 2.445591645067203002e-01 6.511672883931376443e-01
1.163663270072073236e-01 2.324663845996551848e-01 6.511672883931376443e-01
1.163663270072073236e-01 2.269576303547286011e-01 6.566760426380641169e-01
1.481808146078466004e-01 2.269576303547286567e-01 6.248615550374252425e-01
1.743644485090957430e-01 2.007739964534793475e-01 6.248615550374246874e-01
1.743644485090957985e-01 2.022051131632205956e-01 6.234304383276838557e-01
2.252762415316486022e-01 2.022051131632205956e-01 5.725186453051310798e-01
2.625477005778177886e-01 1.649336541170513537e-01 5.725186453051309687e-01
2.625477005778177886e-01 1.729175979628519988e-01 5.645347014593303792e-01
3.282702696849937318e-01 1.729175979628520265e-01 4.988121323521542694e-01
3.726781705789528054e-01 1.285096970688929530e-01 4.988121323521542694e-01
3.726781705789526944e-01 1.419939138188163474e-01 4.853279156022309304e-01
4.475707208643299184e-01 1.419939138188163474e-01 4.104353653168540395e-01
4.945885808984651355e-01 9.497605378468121362e-02 4.104353653168539284e-01
4.945885808984649690e-01 1.123175250110744205e-01 3.930938940904606937e-01
5.721605459659754311e-01 1.123175250110744205e-01 3.155219290229505091e-01
6.171057157079202771e-01 6.737235526912953298e-02 3.155219290229505091e-01
6.171057157079199440e-01 8.647457369412800410e-02 2.964197105979519686e-01
6.906000134790739597e-01 8.647457369412797634e-02 2.229254128267980917e-01
7.290594415087371383e-01 4.801514566446495741e-02 2.229254128267982027e-01
7.290594415087369162e-01 6.651562135063010528e-02 2.044249371406329230e-01
7.920619158190155273e-01 6.651562135063013304e-02 1.414224628303540898e-01
8.202859224790738368e-01 3.829161469057225375e-02 1.414224628303541731e-01
8.202859224790738368e-01 5.378309146235330657e-02 1.259309860585730856e-01
8.673058356797904711e-01 5.378309146235330657e-02 7.891107285785613212e-02
8.825346451701682193e-01 3.855428197197580120e-02 7.891107285785615988e-02
8.825346451701682193e-01 4.881893492571927340e-02 6.864641990411265993e-02
9.095035312399151195e-01 4.881893492571928034e-02 4.167753383436570425e-02
9.101980496751334027e-01 4.812441649050126780e-02 4.167753383436570425e-02
9.101980496751334027e-01 5.135833702430237652e-02 3.844361330056462328e-02
9.148414783414456908e-01 5.135833702430236264e-02 3.380018463425231434e-02
9.007990404580892285e-01 6.540077490765863755e-02 3.380018463425231434e-02
9.007990404580892285e-01 6.040627720382591576e-02 3.879468233808502226e-02
8.828472362052359745e-01 6.040627720382594351e-02 5.674648659093842196e-02
8.551938868274472361e-01 8.805962658161471668e-02 5.674648659093839420e-02
8.551938868274472361e-01 7.438536559668015857e-02 7.042074757587292455e-02
8.164116677072904560e-01 7.438536559668015857e-02 1.092029666960291912e-01
7.774739734174975769e-01 1.133230598864728295e-01 1.092029666960292189e-01
7.774739734174981320e-01 9.133645283286337402e-02 1.311895737496387715e-01
7.215068106473291332e-01 9.133645283286333239e-02 1.871567365198076593e-01
6.745771523574721762e-01 1.382661111227205253e-01 1.871567365198076038e-01
6.745771523574723982e-01 1.091487129634609865e-01 2.162741346790672536e-01
6.066268212366523471e-01 1.091487129634609865e-01 2.842244657998865831e-01
5.556456004063928811e-01 1.601299337937206746e-01 2.842244657998866941e-01
5.556456004063927701e-01 1.257936705579263126e-01 3.185607290356809451e-01
4.820043804255187969e-01 1.257936705579263958e-01 3.922019490165551403e-01
4.311897336950257231e-01 1.766083172884193864e-01 3.922019490165551403e-01
4.311897336950258897e-01 1.395381459318539574e-01 4.292721203731204027e-01
3.586750092289992531e-01 1.395381459318539297e-01 5.017868448391465952e-01
3.121348495410928292e-01 1.860783056197607144e-01 5.017868448391467062e-01
3.121348495410926627e-01 1.491142056824089068e-01 5.387509447764984305e-01
2.474750836830187650e-01 1.491142056824089623e-01 6.034107106345723004e-01
2.088372335949423841e-01 1.877520557704854542e-01 6.034107106345723004e-01
2.088372335949423841e-01 1.538295405575549613e-01 6.373332258475027379e-01
1.580647990710456474e-01 1.538295405575550168e-01 6.881056603713994191e-01
1.301586252540274102e-01 1.817357143745731984e-01 6.881056603713994191e-01
1.301586252540274102e-01 1.536086378028220234e-01 7.162327369431503721e-01
9.806445869964224016e-02 1.536086378028219401e-01 7.483269034975358336e-01
8.268203284381382689e-02 1.689910636586504644e-01 7.483269034975361667e-01
8.268203284381379914e-02 1.489629033042922934e-01 7.683550638518943376e-01
7.238156994962360868e-02 1.489629033042922379e-01 7.786555267460841812e-01
7.013852277908651234e-02 1.512059504748293204e-01 7.786555267460841812e-01
7.013852277908651234e-02 1.408956788665043647e-01 7.889657983544093867e-01
8.278836440326052537e-02 1.408956788665043647e-01 7.763159567302351238e-01
9.309503783373927754e-02 1.305890054360256958e-01 7.763159567302351238e-01
9.309503783373927754e-02 1.307550649815887034e-01 7.761498971846719774e-01
1.277861939537568992e-01 1.307550649815887311e-01 7.414587410646547028e-01
1.489293470382865581e-01 1.096119118970589612e-01 7.414587410646541477e-01
1.489293470382865858e-01 1.200528727611530760e-01 7.310177802005608516e-01
2.027669378814576373e-01 1.200528727611530760e-01 6.771801893573895503e-01
2.320920968943978591e-01 9.072771374821277102e-02 6.771801893573895503e-01
2.320920968943979146e-01 1.102713382112460450e-01 6.576365648943559572e-01
3.004545070701662435e-01 1.102713382112460450e-01 5.892741547185877948e-01
3.346300057314764986e-01 7.609583954993552612e-02 5.892741547185880169e-01
3.346300057314764986e-01 1.026801158173986511e-01 5.626898784511248364e-01
4.115842210993685413e-01 1.026801158173986511e-01 4.857356630832331823e-01
4.469208689126790701e-01 6.734346800408805289e-02 4.857356630832330158e-01
4.469208689126789591e-01 9.818446593781193776e-02 4.548946651495092142e-01
5.257565560661647819e-01 9.818446593781193776e-02 3.760589779960233914e-01
5.585523211878661298e-01 6.538870081611049268e-02 3.760589779960233914e-01
5.585523211878661298e-01 9.722166641003747445e-02 3.442260124020964929e-01
6.323864251951947235e-01 9.722166641003747445e-02 2.703919083947680657e-01
6.592638938397779036e-01 7.034419776545450254e-02 2.703919083947680657e-01
6.592638938397773485e-01 9.971695903477471867e-02 2.410191471254477524e-01
7.216611135463436577e-01 9.971695903477471867e-02 1.786219274188814987e-01
7.398668818403270064e-01 8.151119074079168914e-02 1.786219274188814987e-01
7.398668818403270064e-01 1.051034247290859314e-01 1.550296934305873675e-01
7.854199190780154494e-01 1.051034247290859314e-01 1.094766561928987719e-01
7.930592938166532990e-01 9.746404999044788742e-02 1.094766561928987719e-01
7.930592938166537431e-01 1.124028296024569551e-01 9.453787658088974588e-02
8.178763983762338263e-01 1.124028296024569551e-01 6.972077202130949614e-02
8.140633789390037123e-01 1.162158490396866389e-01 6.972077202130949614e-02
8.140633789390037123e-01 1.203575031811432855e-01 6.557911787985284957e-02
8.161190973518616110e-01 1.203575031811432439e-01 6.352339946699499251e-02
8.010299181129600932e-01 1.354466824200452890e-01 6.352339946699504802e-02
8.010299181129598711e-01 1.275974619826983347e-01 7.137261990434207171e-02
7.803473402126668290e-01 1.275974619826982792e-01 9.205519780463504442e-02
7.551750607290477202e-01 1.527697414663172493e-01 9.205519780463500279e-02
7.551750607290480533e-01 1.328229157113622882e-01 1.120020235595899638e-01
7.138231187711299164e-01 1.328229157113622605e-01 1.533539655175079341e-01
6.806399797250277661e-01 1.660060547574643830e-01 1.533539655175078786e-01
6.806399797250277661e-01 1.349804375065473683e-01 1.843795827684248934e-01
6.225461042334397010e-01 1.349804375065473683e-01 2.424734582600133193e-01
5.840887583797528260e-01 1.734377833602339936e-01 2.424734582600132082e-01
5.840887583797528260e-01 1.334116532116628728e-01 2.824995884085843012e-01
